00,ALAC123,ALACRITI,AL123,20240326100958
10,AP
20,SN34567891,15,30,0,1335,20240331,20240314103645,1335,AP,Card,4224243423245456,0,0,3424242334234247
20,SN34567892,15,30,0,1335,20240331,20240314103645,1335,AP,Card,4224243423245456,0,0,3424242334234247
20,SN34567893,15,30,0,1335,20240331,20240314103645,1335,AP,Card,4224243423245456,0,0,3424242334234247
20,SN34567894,15,30,0,1335,20240331,20240314103645,1335,AP,Card,4224243423245456,0,0,3424242334234247
20,SN83456734,15,30,0,1335,20240331,20240314103645,1335,AP,Bank,0,4224243423245456,1234567899876543,3424242334234247
20,SN83456756,15,30,0,1335,20240331,20240314103645,1335,AP,Bank,0,4224243423245456,1234567899876543,3424242334234247
20,SN83456789,15,30,0,1335,20240331,20240314103645,1335,AP,Card,4224243423245456,0,0,3424242334234247
80,7,9345
10,TS
20,SN34567895,15,30,0,1335,20240331,20240314103645,1335,TS,Card,4224243423245456,0,0,3424242334234247
20,SN34567896,15,30,0,1335,20240331,20240314103645,1335,TS,Card,4224243423245456,0,0,3424242334234247
20,SN34567897,15,30,0,1335,20240331,20240314103645,1335,TS,Card,4224243423245456,0,0,3424242334234247
20,SN83456767,15,30,0,1335,20240331,20240314103645,1335,TS,Bank,0,4224243423245456,1234567899876543,3424242334234247
80,4,5340
90,2,11
